fileName imageWidth imageHeight 
camera matrix K [3x3]
radial distortion [3x1]
tangential distortion [2x1]
camera position t [3x1]
camera rotation R [3x3]
camera model m = K [R|-Rt] X

DJI_0248.JPG 4864 3648
3658.99657499093291335157 0 2425.94356205599024178809
0 3658.99657499093291335157 1832.42025107836002462136
0 0 1
0.00653043799659346492 -0.02628228007466830093 0.02495343181698931115
0.00040536204275353648 -0.00014645388568220192
-89.46403902755552906001 -78.41646092915638632803 -0.42101249466171292157
0.09456407674126780794 -0.99536430786338492283 0.01753653391398324324
-0.39488952497730001046 -0.05367497994154161317 -0.91715934253077169291
0.91384894728465604352 0.07980533290400947111 -0.39813466363380900503
DJI_0249.JPG 4864 3648
3658.99657499093291335157 0 2425.94356205599024178809
0 3658.99657499093291335157 1832.42025107836002462136
0 0 1
0.00653043799659346492 -0.02628228007466830093 0.02495343181698931115
0.00040536204275353648 -0.00014645388568220192
-70.84032154119287838512 -78.04114971504989739515 0.65122811603154218130
0.09648620645190762735 -0.99520415196419054205 0.01609682818931481782
-0.39402703361906443735 -0.05304247565644455015 -0.91756699622076431933
0.91402029996159306346 0.08218997316870195469 -0.39725520710073458641
DJI_0250.JPG 4864 3648
3658.99657499093291335157 0 2425.94356205599024178809
0 3658.99657499093291335157 1832.42025107836002462136
0 0 1
0.00653043799659346492 -0.02628228007466830093 0.02495343181698931115
0.00040536204275353648 -0.00014645388568220192
-48.41614522417838628598 -76.88755191020071322328 0.42675018114538487701
0.16253947853582020877 -0.98658193194239207635 0.01539511228022603408
-0.39024153047061460597 -0.07860712904556975411 -0.91735078740859299362
0.90625187768812709432 0.14309790644181441532 -0.39778200482011966121
DJI_0251.JPG 4864 3648
3658.99657499093291335157 0 2425.94356205599024178809
0 3658.99657499093291335157 1832.42025107836002462136
0 0 1
0.00653043799659346492 -0.02628228007466830093 0.02495343181698931115
0.00040536204275353648 -0.00014645388568220192
-21.08335930882682163201 -73.45761845999534500606 1.69118644994258593428
0.18432885306456806007 -0.98275905497010218603 0.01440533936332328777
-0.38833555953654097515 -0.08628555236556718910 -0.91746950720577657989
0.90289443852941231317 0.16352199646298534730 -0.39754520440500457079
DJI_0252.JPG 4864 3648
3658.99657499093291335157 0 2425.94356205599024178809
0 3658.99657499093291335157 1832.42025107836002462136
0 0 1
0.00653043799659346492 -0.02628228007466830093 0.02495343181698931115
0.00040536204275353648 -0.00014645388568220192
13.19176571104155293312 -68.28313635762049216282 2.49609121896904673221
0.17984812835301922096 -0.98359144831453937385 0.01423072487340795202
-0.38735659177165077116 -0.08411050642656332788 -0.91808512324278390704
0.90421762952232165311 0.15960352599856231226 -0.39612774827050384330
DJI_0253.JPG 4864 3648
3658.99657499093291335157 0 2425.94356205599024178809
0 3658.99657499093291335157 1832.42025107836002462136
0 0 1
0.00653043799659346492 -0.02628228007466830093 0.02495343181698931115
0.00040536204275353648 -0.00014645388568220192
46.94752132903110464213 -61.30981815807894008685 3.04700557757492562772
0.17434428485719649649 -0.98457381775288577153 0.01478065401597771292
-0.38512569338315311152 -0.08199593587547664153 -0.91921426598810473951
0.90624625275571657479 0.15456734420766904403 -0.39348019705038483895
DJI_0254.JPG 4864 3648
3658.99657499093291335157 0 2425.94356205599024178809
0 3658.99657499093291335157 1832.42025107836002462136
0 0 1
0.00653043799659346492 -0.02628228007466830093 0.02495343181698931115
0.00040536204275353648 -0.00014645388568220192
80.47569131103124107085 -56.28363499869515607088 3.20376719241128204985
0.27851304885399658096 -0.96032993201392280458 0.01403222349400936632
-0.37399465363866696288 -0.12189915334289107285 -0.91938490060691113737
0.88462335525790003476 0.25081271517293701745 -0.39310876515264103759
DJI_0255.JPG 4864 3648
3658.99657499093291335157 0 2425.94356205599024178809
0 3658.99657499093291335157 1832.42025107836002462136
0 0 1
0.00653043799659346492 -0.02628228007466830093 0.02495343181698931115
0.00040536204275353648 -0.00014645388568220192
105.50724031101464106541 -49.05941907559267178840 3.73723827442954581457
0.43078600758413465588 -0.90235669267569706964 0.01325951933893056850
-0.45488397620221276973 -0.22980491670474303967 -0.86038960271076658781
0.77942541905187212592 0.36461225903924804337 -0.50946434290744013751
DJI_0256.JPG 4864 3648
3658.99657499093291335157 0 2425.94356205599024178809
0 3658.99657499093291335157 1832.42025107836002462136
0 0 1
0.00653043799659346492 -0.02628228007466830093 0.02495343181698931115
0.00040536204275353648 -0.00014645388568220192
124.99366440261481159268 -35.76431539507218815288 4.58046996193039834822
0.53212478535583074279 -0.84653626143097449042 0.01481792470219701029
-0.42418528589847742660 -0.28170379447973720177 -0.86064499963861118559
0.73274146602825618313 0.45168499007404139256 -0.50898979724997939211
DJI_0257.JPG 4864 3648
3658.99657499093291335157 0 2425.94356205599024178809
0 3658.99657499093291335157 1832.42025107836002462136
0 0 1
0.00653043799659346492 -0.02628228007466830093 0.02495343181698931115
0.00040536204275353648 -0.00014645388568220192
138.86428810267264566392 -23.61857575059567082576 5.18124891408356358369
0.63199875360892177056 -0.77479731167947740733 0.01633099050958734463
-0.38613927673773740246 -0.33310312991396751059 -0.86019693315076140028
0.67191817537347997558 0.53733735274571525764 -0.50970043647911489337
DJI_0258.JPG 4864 3648
3658.99657499093291335157 0 2425.94356205599024178809
0 3658.99657499093291335157 1832.42025107836002462136
0 0 1
0.00653043799659346492 -0.02628228007466830093 0.02495343181698931115
0.00040536204275353648 -0.00014645388568220192
151.38128741810774613441 -12.25180943938666722204 5.30255402903851891239
0.71534796875341000177 -0.69856495182529410037 0.01686095138759390044
-0.34646203509958012345 -0.37553393250453981356 -0.85961521843923460739
0.60682892303764468522 0.60908232088856439912 -0.51066367067373430455
DJI_0259.JPG 4864 3648
3658.99657499093291335157 0 2425.94356205599024178809
0 3658.99657499093291335157 1832.42025107836002462136
0 0 1
0.00653043799659346492 -0.02628228007466830093 0.02495343181698931115
0.00040536204275353648 -0.00014645388568220192
162.16749110555204538286 -0.10122125030876011342 4.38385498155219366367
0.76253050835125457674 -0.64666416858990416472 0.01930484124526873554
-0.31772594044985186246 -0.40031426372380946033 -0.85953401155772857223
0.56355785026812843519 0.64928725793841979286 -0.51071382013802357758
DJI_0260.JPG 4864 3648
3658.99657499093291335157 0 2425.94356205599024178809
0 3658.99657499093291335157 1832.42025107836002462136
0 0 1
0.00653043799659346492 -0.02628228007466830093 0.02495343181698931115
0.00040536204275353648 -0.00014645388568220192
176.15678868490525132984 16.56042633449940026935 4.52407080634030389632
0.77014690882641712033 -0.63751251208356018996 0.02124937086181176091
-0.31129039014821802134 -0.40471385386677483087 -0.85982846515434285806
0.55675131955522516591 0.65557950961360222930 -0.51014064212558507538
DJI_0261.JPG 4864 3648
3658.99657499093291335157 0 2425.94356205599024178809
0 3658.99657499093291335157 1832.42025107836002462136
0 0 1
0.00653043799659346492 -0.02628228007466830093 0.02495343181698931115
0.00040536204275353648 -0.00014645388568220192
194.40529717073025040008 38.33072512306932821957 4.60240483309989656391
0.77098341267685277511 -0.63643427228018245589 0.02315155382146387789
-0.30214191851488692020 -0.39753558571548369693 -0.86641544259436575892
0.56062004820849653530 0.66099687983911215028 -0.49878681457077544970
DJI_0262.JPG 4864 3648
3658.99657499093291335157 0 2425.94356205599024178809
0 3658.99657499093291335157 1832.42025107836002462136
0 0 1
0.00653043799659346492 -0.02628228007466830093 0.02495343181698931115
0.00040536204275353648 -0.00014645388568220192
210.21054380112431658745 56.73135996062202224266 4.74940459877966070223
0.78336580600785576944 -0.62104533700529729323 0.02531211886901968411
-0.29247596179405899175 -0.40424086298567979414 -0.86662975743118408900
0.54844856253827733994 0.67148493212920989937 -0.49830930171242804327
DJI_0263.JPG 4864 3648
3658.99657499093291335157 0 2425.94356205599024178809
0 3658.99657499093291335157 1832.42025107836002462136
0 0 1
0.00653043799659346492 -0.02628228007466830093 0.02495343181698931115
0.00040536204275353648 -0.00014645388568220192
226.16684813362874706399 73.52550554113356895414 5.08007128479492831019
0.83345297730643941314 -0.55191583905972685375 0.02729544310007452762
-0.25621930075512178160 -0.42973974262046032990 -0.86583798919489363133
0.48959963698882391636 0.71464163061460250770 -0.49957935831348521116
DJI_0264.JPG 4864 3648
3658.99657499093291335157 0 2425.94356205599024178809
0 3658.99657499093291335157 1832.42025107836002462136
0 0 1
0.00653043799659346492 -0.02628228007466830093 0.02495343181698931115
0.00040536204275353648 -0.00014645388568220192
236.56934129625790319551 89.92503221216320241638 5.06362478052722675415
0.85262828681734870173 -0.52176293545597296486 0.02807923972045998223
-0.24030331011686226206 -0.43927096506400620246 -0.86561847161357163838
0.46398202946427996585 0.73130326023894010046 -0.49991621087748816521
DJI_0265.JPG 4864 3648
3658.99657499093291335157 0 2425.94356205599024178809
0 3658.99657499093291335157 1832.42025107836002462136
0 0 1
0.00653043799659346492 -0.02628228007466830093 0.02495343181698931115
0.00040536204275353648 -0.00014645388568220192
240.90941846981149865314 117.29570641411096687534 4.69798342602743268515
0.85453334869067376633 -0.51855049584318635425 0.02963341418549190684
-0.23746215402407630513 -0.44078819966623755677 -0.86563126586396066386
0.46193558141990881394 0.73267396998650280437 -0.49980433403729912500
DJI_0266.JPG 4864 3648
3658.99657499093291335157 0 2425.94356205599024178809
0 3658.99657499093291335157 1832.42025107836002462136
0 0 1
0.00653043799659346492 -0.02628228007466830093 0.02495343181698931115
0.00040536204275353648 -0.00014645388568220192
243.77210276669444510844 147.29354788308259571750 4.93732439786172427887
0.85814761463290256671 -0.51230163671374184808 0.03361107734483818887
-0.23366064751873516503 -0.44801733800400839192 -0.86295026893148807368
0.45714918057564618570 0.73268512873418112363 -0.50416974208176335015
DJI_0267.JPG 4864 3648
3658.99657499093291335157 0 2425.94356205599024178809
0 3658.99657499093291335157 1832.42025107836002462136
0 0 1
0.00653043799659346492 -0.02628228007466830093 0.02495343181698931115
0.00040536204275353648 -0.00014645388568220192
256.00423088037206298395 178.29371346300359846282 5.17284587335582379808
0.84702651619221935864 -0.53052144677752832713 0.03306169046419316776
-0.24249545849337236780 -0.44101756471088099376 -0.86411773516493284308
0.47301377725956467168 0.72391332500898342150 -0.50220261289351819656
DJI_0268.JPG 4864 3648
3658.99657499093291335157 0 2425.94356205599024178809
0 3658.99657499093291335157 1832.42025107836002462136
0 0 1
0.00653043799659346492 -0.02628228007466830093 0.02495343181698931115
0.00040536204275353648 -0.00014645388568220192
285.02753650529598417052 223.00739804265813859274 5.05532958964079082165
0.87081815917608274003 -0.49059844469004598722 0.03144677593786990993
-0.22292816876156340555 -0.45109349206294768742 -0.86418614487335487784
0.43815381456948948591 0.74553861569080592808 -0.50218861724659002999
DJI_0269.JPG 4864 3648
3658.99657499093291335157 0 2425.94356205599024178809
0 3658.99657499093291335157 1832.42025107836002462136
0 0 1
0.00653043799659346492 -0.02628228007466830093 0.02495343181698931115
0.00040536204275353648 -0.00014645388568220192
303.60762825866072489589 254.25434735998231872145 4.62001194802140791040
0.98352339025521140492 -0.17832910226367831852 0.02967275023865907635
-0.06577057025130458867 -0.50585490762293860989 -0.86010757729635567426
0.16839231844034180385 0.84398432670258682897 -0.50924894047083468784
DJI_0270.JPG 4864 3648
3658.99657499093291335157 0 2425.94356205599024178809
0 3658.99657499093291335157 1832.42025107836002462136
0 0 1
0.00653043799659346492 -0.02628228007466830093 0.02495343181698931115
0.00040536204275353648 -0.00014645388568220192
306.04372042894669903035 279.72956806262772033733 4.44880843544970172587
0.99671573854698902739 0.07600641459996894389 0.02794210930455807984
0.06303474990678892276 -0.51158342229407149926 -0.85691832886108487699
-0.05083656987758730650 0.85586530889710865644 -0.51469429391585241884
DJI_0271.JPG 4864 3648
3658.99657499093291335157 0 2425.94356205599024178809
0 3658.99657499093291335157 1832.42025107836002462136
0 0 1
0.00653043799659346492 -0.02628228007466830093 0.02495343181698931115
0.00040536204275353648 -0.00014645388568220192
300.85679069256951834177 307.98576059295555751305 4.14897985372588085085
0.95953418962696834793 0.28052417979901062006 0.02450149964817758402
0.16548687668765077463 -0.49136360343936208439 -0.85508824273243955183
-0.22783378279149812951 0.82454108070076026493 -0.51790324738867854482
DJI_0272.JPG 4864 3648
3658.99657499093291335157 0 2425.94356205599024178809
0 3658.99657499093291335157 1832.42025107836002462136
0 0 1
0.00653043799659346492 -0.02628228007466830093 0.02495343181698931115
0.00040536204275353648 -0.00014645388568220192
290.05497146227361326964 335.63059468080075475882 4.50076804585958711868
0.71548033931388310691 0.69852322157918034229 0.01237711476613779019
0.37373177249911782027 -0.36771605931364154118 -0.85153359413913554121
-0.59026472559349030256 0.61388126591181280123 -0.52415393262146925402
DJI_0273.JPG 4864 3648
3658.99657499093291335157 0 2425.94356205599024178809
0 3658.99657499093291335157 1832.42025107836002462136
0 0 1
0.00653043799659346492 -0.02628228007466830093 0.02495343181698931115
0.00040536204275353648 -0.00014645388568220192
281.28668951069846571045 346.56512287657494653104 4.27723521963922514999
0.39071351103187490494 0.92051145008102241984 0.00127380017201827816
0.48373826813602177621 -0.20414627428701534462 -0.85107084701303981067
-0.78316041794635349316 0.33314106466249987504 -0.52504932225232781029
DJI_0274.JPG 4864 3648
3658.99657499093291335157 0 2425.94356205599024178809
0 3658.99657499093291335157 1832.42025107836002462136
0 0 1
0.00653043799659346492 -0.02628228007466830093 0.02495343181698931115
0.00040536204275353648 -0.00014645388568220192
279.24417538687481510351 347.84262974424814274244 4.58324628747695417275
0.01403681681470961631 0.99986086224722758864 -0.00901243141116678595
0.52263272823229256492 -0.01502061710268550940 -0.85242560522448240778
-0.85244237292275704121 0.00725515045227952821 -0.52277085193967520738
DJI_0275.JPG 4864 3648
3658.99657499093291335157 0 2425.94356205599024178809
0 3658.99657499093291335157 1832.42025107836002462136
0 0 1
0.00653043799659346492 -0.02628228007466830093 0.02495343181698931115
0.00040536204275353648 -0.00014645388568220192
279.77031654996073939401 347.05892312681964995136 4.79206011765441175498
-0.41352353716955991825 0.91026831896949100820 -0.02024528802543199002
0.47751695674873440023 0.19789063798660511129 -0.85604722499093577337
-0.77522631548742138019 -0.36366314478884370631 -0.51650099409205940670
DJI_0276.JPG 4864 3648
3658.99657499093291335157 0 2425.94356205599024178809
0 3658.99657499093291335157 1832.42025107836002462136
0 0 1
0.00653043799659346492 -0.02628228007466830093 0.02495343181698931115
0.00040536204275353648 -0.00014645388568220192
292.99211213149982313553 361.86466618439783360373 5.28351560880028969791
-0.70464299369653971006 0.70919853583151681864 -0.02270876942529080275
0.37370531779899907043 0.34371894668784075400 -0.86151124260600941973
-0.60317707755113447732 -0.61554424898802684307 -0.50723041179984318383
DJI_0277.JPG 4864 3648
3658.99657499093291335157 0 2425.94356205599024178809
0 3658.99657499093291335157 1832.42025107836002462136
0 0 1
0.00653043799659346492 -0.02628228007466830093 0.02495343181698931115
0.00040536204275353648 -0.00014645388568220192
305.64727079246955554481 374.66243282408305503850 5.28575072050682859270
-0.86780366199872260857 0.49631962279413993633 -0.02415856475640959511
0.32041994059617695534 0.52176282775094007249 -0.79062925144829121482
-0.37979977078712062744 -0.69385184557427359575 -0.61181839666948967249
DJI_0278.JPG 4864 3648
3658.99657499093291335157 0 2425.94356205599024178809
0 3658.99657499093291335157 1832.42025107836002462136
0 0 1
0.00653043799659346492 -0.02628228007466830093 0.02495343181698931115
0.00040536204275353648 -0.00014645388568220192
302.11171712700911484717 366.78698093801114055168 4.61886970657514250860
-0.87850642532284639596 0.47711737523358871416 -0.02419650629088794178
0.27212124668205389666 0.45813693586916431899 -0.84620362507886837111
-0.39265313925993106103 -0.74997970522049728359 -0.53231001680101519558
DJI_0279.JPG 4864 3648
3658.99657499093291335157 0 2425.94356205599024178809
0 3658.99657499093291335157 1832.42025107836002462136
0 0 1
0.00653043799659346492 -0.02628228007466830093 0.02495343181698931115
0.00040536204275353648 -0.00014645388568220192
291.76118275268163415603 349.50116810081726725912 4.15465486129901329093
-0.88083513084405207216 0.47274531019679311150 -0.02532476965106840797
0.27064561483250593188 0.45894339115931220840 -0.84623986840796239228
-0.38843329342742577426 -0.75225184306728587469 -0.53219990713922049608
DJI_0280.JPG 4864 3648
3658.99657499093291335157 0 2425.94356205599024178809
0 3658.99657499093291335157 1832.42025107836002462136
0 0 1
0.00653043799659346492 -0.02628228007466830093 0.02495343181698931115
0.00040536204275353648 -0.00014645388568220192
284.34764280508255751556 336.77620745713693395373 4.12236377527798047993
-0.88034018072549924394 0.47369096357501561112 -0.02486035453424878874
0.24039012166105142021 0.40034925125867998341 -0.88426979278068695844
-0.40891778587875116102 -0.78443441283767467720 -0.46631416056992336383
DJI_0281.JPG 4864 3648
3658.99657499093291335157 0 2425.94356205599024178809
0 3658.99657499093291335157 1832.42025107836002462136
0 0 1
0.00653043799659346492 -0.02628228007466830093 0.02495343181698931115
0.00040536204275353648 -0.00014645388568220192
278.95575200759759582070 328.55151593299450496488 3.88524062008878567909
-0.83702462044217629256 0.54666891413571305769 -0.02329985174440114826
0.27317257714113718503 0.38060978119573490863 -0.88346643261428126070
-0.47409548391827166514 -0.74584803598039672856 -0.46791471375933957333
DJI_0282.JPG 4864 3648
3658.99657499093291335157 0 2425.94356205599024178809
0 3658.99657499093291335157 1832.42025107836002462136
0 0 1
0.00653043799659346492 -0.02628228007466830093 0.02495343181698931115
0.00040536204275353648 -0.00014645388568220192
266.02726367197715262591 320.56885386150435124364 3.08245647779034470659
-0.94051779915460864689 0.33898714763150861184 -0.02267119789568478733
0.17563347113250993292 0.42800238340738971932 -0.88654771085122074936
-0.29082495300664501503 -0.83779572303649751941 -0.46208134908307552102
DJI_0283.JPG 4864 3648
3658.99657499093291335157 0 2425.94356205599024178809
0 3658.99657499093291335157 1832.42025107836002462136
0 0 1
0.00653043799659346492 -0.02628228007466830093 0.02495343181698931115
0.00040536204275353648 -0.00014645388568220192
252.83121793426593626464 302.23875822667446300329 3.15418681053433402894
-0.95038281440369609676 0.31011935815244817682 -0.02446405087518143534
0.16375887924006490848 0.43188378609725380786 -0.88693823053036757731
-0.26449108785769648300 -0.84693705728667645349 -0.46123972664812518119
DJI_0284.JPG 4864 3648
3658.99657499093291335157 0 2425.94356205599024178809
0 3658.99657499093291335157 1832.42025107836002462136
0 0 1
0.00653043799659346492 -0.02628228007466830093 0.02495343181698931115
0.00040536204275353648 -0.00014645388568220192
242.12937528417137400538 274.30898910960303282991 3.85452581240250724548
-0.94914283523251252728 0.31379890304990115668 -0.02565398159090072697
0.16654512918832717339 0.43125411852685513470 -0.88672577790276774223
-0.26719019119427073194 -0.84590196459063971002 -0.46158343561187842319
DJI_0285.JPG 4864 3648
3658.99657499093291335157 0 2425.94356205599024178809
0 3658.99657499093291335157 1832.42025107836002462136
0 0 1
0.00653043799659346492 -0.02628228007466830093 0.02495343181698931115
0.00040536204275353648 -0.00014645388568220192
232.68080130172995723115 252.26520335594028665582 4.09532281850980162119
-0.94579339989335375893 0.32374374280733847487 -0.02578436951461977530
0.17110980853392346313 0.42925384398442367750 -0.88682724972120696716
-0.27603673331941641633 -0.84316731816270718003 -0.46138118236513875337
DJI_0286.JPG 4864 3648
3658.99657499093291335157 0 2425.94356205599024178809
0 3658.99657499093291335157 1832.42025107836002462136
0 0 1
0.00653043799659346492 -0.02628228007466830093 0.02495343181698931115
0.00040536204275353648 -0.00014645388568220192
228.38940547302624395343 241.49778399641314763358 4.22945986934179618544
-0.94433374007389825344 0.32798527945967792530 -0.02567963815554948417
0.17315689436681044877 0.42914533138292348946 -0.88648235994038937502
-0.27973286773506655933 -0.84158180886352207395 -0.46204932820935690208
DJI_0287.JPG 4864 3648
3658.99657499093291335157 0 2425.94356205599024178809
0 3658.99657499093291335157 1832.42025107836002462136
0 0 1
0.00653043799659346492 -0.02628228007466830093 0.02495343181698931115
0.00040536204275353648 -0.00014645388568220192
223.93351842805589058116 230.75695884052518636054 4.54915304516925278477
-0.94415646641884032331 0.32845956778104784535 -0.02613195845275309570
0.17384699258425270751 0.42920828697617169345 -0.88631679977330390940
-0.27990317984778223526 -0.84136470018896525325 -0.46234148763336457844
DJI_0288.JPG 4864 3648
3658.99657499093291335157 0 2425.94356205599024178809
0 3658.99657499093291335157 1832.42025107836002462136
0 0 1
0.00653043799659346492 -0.02628228007466830093 0.02495343181698931115
0.00040536204275353648 -0.00014645388568220192
214.98847543466075649121 214.28172713258530279745 3.79839527214127237187
-0.94332014522197282780 0.33081903577965909857 -0.02656819873858300152
0.17516419393586168951 0.42827954638797932629 -0.88650670347635074364
-0.28189467675214446851 -0.84091342937993518447 -0.46195237363529234598
DJI_0289.JPG 4864 3648
3658.99657499093291335157 0 2425.94356205599024178809
0 3658.99657499093291335157 1832.42025107836002462136
0 0 1
0.00653043799659346492 -0.02628228007466830093 0.02495343181698931115
0.00040536204275353648 -0.00014645388568220192
208.74845146732607759077 205.33977443635100712527 3.05414907045001227104
-0.94316658628376148776 0.33132553339944675885 -0.02569399609652020869
0.17464564215352348930 0.42840326909404141675 -0.88654923084187586824
-0.28272900486971497269 -0.84065095607339346273 -0.46192020940663580664
DJI_0290.JPG 4864 3648
3658.99657499093291335157 0 2425.94356205599024178809
0 3658.99657499093291335157 1832.42025107836002462136
0 0 1
0.00653043799659346492 -0.02628228007466830093 0.02495343181698931115
0.00040536204275353648 -0.00014645388568220192
198.75233334421284325799 190.88812508950277901931 1.45287662861247524049
-0.94299268721401896531 0.33181403911278273267 -0.02577276292026487933
0.17477319761278364840 0.42781289748919920646 -0.88680914188910953122
-0.28322980291114557838 -0.84075892394286055875 -0.46141663445670988430
DJI_0291.JPG 4864 3648
3658.99657499093291335157 0 2425.94356205599024178809
0 3658.99657499093291335157 1832.42025107836002462136
0 0 1
0.00653043799659346492 -0.02628228007466830093 0.02495343181698931115
0.00040536204275353648 -0.00014645388568220192
183.99123634681242833722 166.10941124982952032951 -0.40075653619309226094
-0.94203069851587561967 0.33437176933102175092 -0.02781515644632218814
0.17777689393297929632 0.42710443676063258867 -0.88655353819322435527
-0.28455849844493075196 -0.84010554097317136080 -0.46178906547139197958
DJI_0292.JPG 4864 3648
3658.99657499093291335157 0 2425.94356205599024178809
0 3658.99657499093291335157 1832.42025107836002462136
0 0 1
0.00653043799659346492 -0.02628228007466830093 0.02495343181698931115
0.00040536204275353648 -0.00014645388568220192
167.38694331876385490432 135.37135346451955797420 -1.63869058444284143583
-0.94234357051322792387 0.33348778862109318410 -0.02782965959177421955
0.17733199659416876148 0.42710003159569615017 -0.88664475749585358599
-0.28379915097883340325 -0.84045907565542321560 -0.46161302413615334927
DJI_0293.JPG 4864 3648
3658.99657499093291335157 0 2425.94356205599024178809
0 3658.99657499093291335157 1832.42025107836002462136
0 0 1
0.00653043799659346492 -0.02628228007466830093 0.02495343181698931115
0.00040536204275353648 -0.00014645388568220192
150.78162571969613736655 105.43722368086424978628 -2.64572819740937248412
-0.94051512671419779110 0.33857574059545614276 -0.02824472166644049001
0.17977205304547244635 0.42538762395078427714 -0.88697653764534367671
-0.28829378308522735086 -0.83929246229770482213 -0.46094995104095992655
DJI_0294.JPG 4864 3648
3658.99657499093291335157 0 2425.94356205599024178809
0 3658.99657499093291335157 1832.42025107836002462136
0 0 1
0.00653043799659346492 -0.02628228007466830093 0.02495343181698931115
0.00040536204275353648 -0.00014645388568220192
138.58046964797071609610 83.32946029674276644528 -3.24141033981850501533
-0.93907001450776650398 0.34259834971022418149 -0.02781867409159047289
0.18155336087677026446 0.42566037863459299517 -0.88648272358518309666
-0.29186621079996977191 -0.83751991787448609728 -0.46192477976049495236
DJI_0295.JPG 4864 3648
3658.99657499093291335157 0 2425.94356205599024178809
0 3658.99657499093291335157 1832.42025107836002462136
0 0 1
0.00653043799659346492 -0.02628228007466830093 0.02495343181698931115
0.00040536204275353648 -0.00014645388568220192
123.79259429209501774949 58.56399577128468081355 -4.08579104671522674863
-0.85794912949076906905 0.51295567220478999193 -0.02828019729357911238
0.26131118999380859025 0.38833913460541980012 -0.88369065770660570891
-0.44231182800152585299 -0.76555156252655232052 -0.46721627959982614531
DJI_0296.JPG 4864 3648
3658.99657499093291335157 0 2425.94356205599024178809
0 3658.99657499093291335157 1832.42025107836002462136
0 0 1
0.00653043799659346492 -0.02628228007466830093 0.02495343181698931115
0.00040536204275353648 -0.00014645388568220192
107.40253292559668807371 40.33130312210537482542 -4.34226656258735754790
-0.83331016835285687261 0.55217963927281421554 -0.02630226781625743041
0.23279418938978890807 0.30736603365574366453 -0.92267707608950999543
-0.50139907130556637949 -0.77499920472687011674 -0.38467545277367842793
DJI_0297.JPG 4864 3648
3658.99657499093291335157 0 2425.94356205599024178809
0 3658.99657499093291335157 1832.42025107836002462136
0 0 1
0.00653043799659346492 -0.02628228007466830093 0.02495343181698931115
0.00040536204275353648 -0.00014645388568220192
101.66596340785754648550 26.39842664103187885871 -0.97778047032348491818
-0.53087745424605603528 -0.84744677412794799931 -0.00175886138200175533
-0.50036894164972545163 0.31512655804095535128 -0.80642803438967436414
0.68395910024325290433 -0.42723438232122057379 -0.59132963037297980868
DJI_0298.JPG 4864 3648
3658.99657499093291335157 0 2425.94356205599024178809
0 3658.99657499093291335157 1832.42025107836002462136
0 0 1
0.00653043799659346492 -0.02628228007466830093 0.02495343181698931115
0.00040536204275353648 -0.00014645388568220192
103.11099721474407431288 27.92490219387914862637 -0.75661426316384716717
0.02715651003338131683 -0.99949084123268527868 0.01675058968472167495
-0.59330468670235614326 -0.02960189244382994966 -0.80443351291499720634
0.80451977769339266811 0.01190740339969078784 -0.59380648450859074838
DJI_0299.JPG 4864 3648
3658.99657499093291335157 0 2425.94356205599024178809
0 3658.99657499093291335157 1832.42025107836002462136
0 0 1
0.00653043799659346492 -0.02628228007466830093 0.02495343181698931115
0.00040536204275353648 -0.00014645388568220192
104.46191874301094060229 29.52801586142189549378 -7.69444134784595323850
0.59018565318180304935 -0.80670720003716256397 0.03007304751051698491
-0.28121023341364870252 -0.24036699043083881167 -0.92905571121147645375
0.75670449939313144672 0.53985850305373761504 -0.36871546926969028801
DJI_0300.JPG 4864 3648
3658.99657499093291335157 0 2425.94356205599024178809
0 3658.99657499093291335157 1832.42025107836002462136
0 0 1
0.00653043799659346492 -0.02628228007466830093 0.02495343181698931115
0.00040536204275353648 -0.00014645388568220192
130.93140389161712278110 49.86779701540704934359 -7.33895132443540987310
0.67456001749200267259 -0.73763677475585953669 0.02933890469943149434
-0.25595420969355375806 -0.27097485841535073892 -0.92793322423918467301
0.69242777626358797960 0.61843723580857745681 -0.37159004295608988322
DJI_0301.JPG 4864 3648
3658.99657499093291335157 0 2425.94356205599024178809
0 3658.99657499093291335157 1832.42025107836002462136
0 0 1
0.00653043799659346492 -0.02628228007466830093 0.02495343181698931115
0.00040536204275353648 -0.00014645388568220192
156.23902162983404195984 65.36447376062042735612 -5.30446396269117048661
0.70083723169109979345 -0.71271978555653026088 0.02928620753544690369
-0.24633875986724715346 -0.28035371127993080620 -0.92774943382285923743
0.66943587449629737840 0.64298701685790105032 -0.37205282701459857497
DJI_0302.JPG 4864 3648
3658.99657499093291335157 0 2425.94356205599024178809
0 3658.99657499093291335157 1832.42025107836002462136
0 0 1
0.00653043799659346492 -0.02628228007466830093 0.02495343181698931115
0.00040536204275353648 -0.00014645388568220192
170.45187418189323125262 75.71919200826005180716 -4.91015570394656997166
0.73022729212775305818 -0.68253585762030977158 0.03021431604847707800
-0.23446332813537126838 -0.29189421677987875681 -0.92726733683989237544
0.64171259111182654689 0.67003176736104774758 -0.37317875225630997571
DJI_0303.JPG 4864 3648
3658.99657499093291335157 0 2425.94356205599024178809
0 3658.99657499093291335157 1832.42025107836002462136
0 0 1
0.00653043799659346492 -0.02628228007466830093 0.02495343181698931115
0.00040536204275353648 -0.00014645388568220192
185.25163205767529461809 90.22735735772525345055 -4.63743011062077137296
0.73763482273181268933 -0.67450702232581594142 0.03058014268391257007
-0.23117633720644639728 -0.29484697292481815145 -0.92715843504380779372
0.63439133774762279661 0.67683494250092668398 -0.37341945744771876114
DJI_0304.JPG 4864 3648
3658.99657499093291335157 0 2425.94356205599024178809
0 3658.99657499093291335157 1832.42025107836002462136
0 0 1
0.00653043799659346492 -0.02628228007466830093 0.02495343181698931115
0.00040536204275353648 -0.00014645388568220192
204.87690729549947832311 111.67132379518898233073 -4.06459877539703029470
0.76339473920651790273 -0.64516826793159165465 0.03140665862460392810
-0.21946567410884795790 -0.30479831552590319621 -0.92678627781194555801
0.60750579424377615378 0.70061108534387439573 -0.37427371942672743588
DJI_0305.JPG 4864 3648
3658.99657499093291335157 0 2425.94356205599024178809
0 3658.99657499093291335157 1832.42025107836002462136
0 0 1
0.00653043799659346492 -0.02628228007466830093 0.02495343181698931115
0.00040536204275353648 -0.00014645388568220192
229.25034382436578539455 140.16867871438623183167 -3.62478772456117059875
0.79603115422521764089 -0.60438923336951522192 0.03237369441193800601
-0.24400574110678890927 -0.36940499953017930101 -0.89666110913155760986
0.55389132490931336505 0.70587081035350784930 -0.44153233095786714735
DJI_0306.JPG 4864 3648
3658.99657499093291335157 0 2425.94356205599024178809
0 3658.99657499093291335157 1832.42025107836002462136
0 0 1
0.00653043799659346492 -0.02628228007466830093 0.02495343181698931115
0.00040536204275353648 -0.00014645388568220192
251.71875372376723589696 165.94268088451858034205 -3.52070843457963933432
0.87899542474069403131 -0.47566401160299820461 0.03332853658158203836
-0.18603033665635626548 -0.40644936237164552839 -0.89453430882845719196
0.43904414029622329529 0.78009144585325740362 -0.44575506612726750744
DJI_0307.JPG 4864 3648
3658.99657499093291335157 0 2425.94356205599024178809
0 3658.99657499093291335157 1832.42025107836002462136
0 0 1
0.00653043799659346492 -0.02628228007466830093 0.02495343181698931115
0.00040536204275353648 -0.00014645388568220192
268.40602152680685321684 190.23068548142970257686 -3.89375044896466082633
0.94553247796912520684 -0.32364729662707386604 0.03493938310206059356
-0.11648546283533031676 -0.43661525610551848997 -0.89207525191765713046
0.30397281137234061221 0.83941619326880945184 -0.45053411016758326824
DJI_0308.JPG 4864 3648
3658.99657499093291335157 0 2425.94356205599024178809
0 3658.99657499093291335157 1832.42025107836002462136
0 0 1
0.00653043799659346492 -0.02628228007466830093 0.02495343181698931115
0.00040536204275353648 -0.00014645388568220192
280.76736414574293121404 219.66435836091812916493 -4.07324284761162846991
0.99622729769866269489 -0.07990899487412309043 0.03384854292621076316
-0.00660545430337899919 -0.45873043728667617369 -0.88855092925516709901
0.08653056854930595010 0.88497510611597562935 -0.45752761912430117697
DJI_0309.JPG 4864 3648
3658.99657499093291335157 0 2425.94356205599024178809
0 3658.99657499093291335157 1832.42025107836002462136
0 0 1
0.00653043799659346492 -0.02628228007466830093 0.02495343181698931115
0.00040536204275353648 -0.00014645388568220192
285.51977324057043006178 248.08929468779405169698 -4.24144481211756829708
0.99787944269422867993 0.05683849821635501148 0.03171754985437844065
0.05433880607151508196 -0.45920885173304515359 -0.88666483219125158399
-0.03583171783459243587 0.88650810239417865422 -0.46132360917960241187
DJI_0310.JPG 4864 3648
3658.99657499093291335157 0 2425.94356205599024178809
0 3658.99657499093291335157 1832.42025107836002462136
0 0 1
0.00653043799659346492 -0.02628228007466830093 0.02495343181698931115
0.00040536204275353648 -0.00014645388568220192
282.47205295419570347804 272.49619105674025831831 -4.18917048280867021504
0.82808956925066501409 0.56023363772182221965 0.02014786497925019973
0.27958502097370274697 -0.38157354938682352952 -0.88104133981072396686
-0.48590110243277107038 0.73521418482869027589 -0.47261000950181147884
DJI_0311.JPG 4864 3648
3658.99657499093291335157 0 2425.94356205599024178809
0 3658.99657499093291335157 1832.42025107836002462136
0 0 1
0.00653043799659346492 -0.02628228007466830093 0.02495343181698931115
0.00040536204275353648 -0.00014645388568220192
267.17530222404434425698 295.64595032113305705934 -4.82570737186521991902
0.30360387966741186894 0.95279805021729857550 -0.00074816643182481352
0.45426873945365703333 -0.14544039466821204187 -0.87891239833895851152
-0.83753483307029152893 0.26650134540161091179 -0.47698263730774320690
DJI_0312.JPG 4864 3648
3658.99657499093291335157 0 2425.94356205599024178809
0 3658.99657499093291335157 1832.42025107836002462136
0 0 1
0.00653043799659346492 -0.02628228007466830093 0.02495343181698931115
0.00040536204275353648 -0.00014645388568220192
212.26185154769970608868 245.27394765664706710595 -8.25024114832763189042
-0.92982893223418883188 0.36656086534738574478 -0.03242358363913849795
0.17544377623800977428 0.36412965220337284444 -0.91467430146779460376
-0.32347741522334388931 -0.85617914502867131787 -0.40288910814068662480
DJI_0313.JPG 4864 3648
3658.99657499093291335157 0 2425.94356205599024178809
0 3658.99657499093291335157 1832.42025107836002462136
0 0 1
0.00653043799659346492 -0.02628228007466830093 0.02495343181698931115
0.00040536204275353648 -0.00014645388568220192
181.07164573648137206874 185.15603327942216083102 -9.24015057596467670464
-0.83503220548834966586 0.54908767208038755658 -0.03498491341426365753
0.25225281267440874400 0.32555662108706839852 -0.91125265704096614083
-0.48896802993152049810 -0.76975035877595521239 -0.41035917300479080039
DJI_0120.JPG 4864 3648
3658.99657499093291335157 0 2425.94356205599024178809
0 3658.99657499093291335157 1832.42025107836002462136
0 0 1
0.00653043799659346492 -0.02628228007466830093 0.02495343181698931115
0.00040536204275353648 -0.00014645388568220192
-165.26097478551190533835 -133.69952607589513604580 -1.21891841648046872493
0.17461758400268131974 -0.98421886866955066164 -0.02866911076221426505
-0.98436023282072260265 -0.17518407715618417031 0.01858685428114850366
-0.02331590440448471149 0.02497514095587227353 -0.99941613501885939730
DJI_0121.JPG 4864 3648
3658.99657499093291335157 0 2425.94356205599024178809
0 3658.99657499093291335157 1832.42025107836002462136
0 0 1
0.00653043799659346492 -0.02628228007466830093 0.02495343181698931115
0.00040536204275353648 -0.00014645388568220192
-142.96988341316657056268 -130.39235463330891207079 -1.99001124314715061026
0.16836650242608033889 -0.98539918188264608023 -0.02532139818059847211
-0.98541746792688345025 -0.16889958910560509686 0.02062383825885715297
-0.02459948709584035623 0.02147978456524878010 -0.99946659978693241921
DJI_0122.JPG 4864 3648
3658.99657499093291335157 0 2425.94356205599024178809
0 3658.99657499093291335157 1832.42025107836002462136
0 0 1
0.00653043799659346492 -0.02628228007466830093 0.02495343181698931115
0.00040536204275353648 -0.00014645388568220192
-126.49782724008382217562 -127.88155633170441660695 -8.87466306308443186879
0.16832366597712900003 -0.98534955343699925923 -0.02744815136809975256
-0.98549798993914605738 -0.16882491624060524948 0.01708389540635218626
-0.02146754056529242422 0.02417447409684069654 -0.99947723310949843079
DJI_0123.JPG 4864 3648
3658.99657499093291335157 0 2425.94356205599024178809
0 3658.99657499093291335157 1832.42025107836002462136
0 0 1
0.00653043799659346492 -0.02628228007466830093 0.02495343181698931115
0.00040536204275353648 -0.00014645388568220192
-107.23968439292634968751 -127.16430685261839528266 -9.27299373981193930661
0.17292508125447120237 -0.98446062637923881233 -0.03056454452681178074
-0.98461085401124293082 -0.17358097465776092805 0.02027588222772287729
-0.02526623114723025934 0.02658797370727374390 -0.99932712222662911650
DJI_0124.JPG 4864 3648
3658.99657499093291335157 0 2425.94356205599024178809
0 3658.99657499093291335157 1832.42025107836002462136
0 0 1
0.00653043799659346492 -0.02628228007466830093 0.02495343181698931115
0.00040536204275353648 -0.00014645388568220192
-87.45437868128833258652 -126.43937985462463302611 -9.33765167054282052561
0.16461682315579687086 -0.98616210207784082975 -0.01963695392639795007
-0.98613910809013793912 -0.16496675034903224288 0.01776600051974194447
-0.02075960089405626610 0.01644018566484104979 -0.99964931814413049427
DJI_0125.JPG 4864 3648
3658.99657499093291335157 0 2425.94356205599024178809
0 3658.99657499093291335157 1832.42025107836002462136
0 0 1
0.00653043799659346492 -0.02628228007466830093 0.02495343181698931115
0.00040536204275353648 -0.00014645388568220192
-61.85887979642352263454 -131.10048701943509286139 -8.69805576251601486604
0.17374474719441548864 -0.98467976856524908058 -0.01478229348362907099
-0.98453786005418020277 -0.17402070211690326418 0.02004987168725396590
-0.02231512810368742675 0.01107016770548261038 -0.99968969507777183381
DJI_0128.JPG 4864 3648
3658.99657499093291335157 0 2425.94356205599024178809
0 3658.99657499093291335157 1832.42025107836002462136
0 0 1
0.00653043799659346492 -0.02628228007466830093 0.02495343181698931115
0.00040536204275353648 -0.00014645388568220192
-33.56772628575101435899 -96.72319672653664213158 -10.42013282869564783084
0.58020187329125394449 0.81444155090274006348 0.00712365022015689405
0.81399767405551859412 -0.57954262268651912660 -0.03921906579505268081
-0.02781317783938818539 0.02855361015301530192 -0.99920524342384442473
DJI_0129.JPG 4864 3648
3658.99657499093291335157 0 2425.94356205599024178809
0 3658.99657499093291335157 1832.42025107836002462136
0 0 1
0.00653043799659346492 -0.02628228007466830093 0.02495343181698931115
0.00040536204275353648 -0.00014645388568220192
-44.92201520488110588758 -88.28541097223849476450 -10.36075400227063170178
0.55812739450488513260 0.82972027449750562766 0.00762086550020218533
