DJI_0248.JPG
FC6310_8.8_4864x3648 (RGB)
PerspectiveCamera5
global
F,C0_x,C0_y,R1,R2,R3,T1,T2,X,Y,Z,Alpha,Beta,Gamma
1, 0.0328556, -0.393775, -0.237045, 0.270453, -0.236784, -0.15222, 0.0414033, 0.00153081, 0.00345082, 0.00504768, -0.00482977, -0.0025429, -0.0120045
0.0328556, 1, -0.0565385, -0.0032051, 0.00815648, -0.00733533, -0.0888418, 0.946523, -0.000496324, -0.00160257, 0.00262339, 0.00278676, 0.0154292, 0.0389271
-0.393775, -0.0565385, 1, -0.0691387, 0.0259573, -0.0208535, 0.800684, -0.0793322, 0.00422862, 0.000680165, -0.00589362, 0.0232957, -0.00181228, -0.00588055
-0.237045, -0.0032051, -0.0691387, 1, -0.96124, 0.90279, -0.0607056, -0.00703704, -0.000340584, 0.000190579, 0.000905065, -0.000952758, -0.00115174, -0.00246641
0.270453, 0.00815648, 0.0259573, -0.96124, 1, -0.982192, 0.0224707, 0.0149687, 0.000674481, 0.000389747, -0.000248799, 0.000799247, 0.000460608, 0.00117341
-0.236784, -0.00733533, -0.0208535, 0.90279, -0.982192, 1, -0.0143785, -0.0136347, -0.000629333, -0.000327842, 0.000226388, -0.000652888, -0.000544892, -0.000960815
-0.15222, -0.0888418, 0.800684, -0.0607056, 0.0224707, -0.0143785, 1, -0.0992074, 0.0025019, 0.00200855, -0.00435164, 0.0195767, -0.00118311, -0.00704194
0.0414033, 0.946523, -0.0793322, -0.00703704, 0.0149687, -0.0136347, -0.0992074, 1, 0.000311207, -0.000604881, 0.00253367, 0.00249264, 0.0158993, 0.0381684
0.00153081, -0.000496324, 0.00422862, -0.000340584, 0.000674481, -0.000629333, 0.0025019, 0.000311207, 1, 0.0422818, -0.000361073, 0.000700244, -0.000246465, -0.243473
0.00345082, -0.00160257, 0.000680165, 0.000190579, 0.000389747, -0.000327842, 0.00200855, -0.000604881, 0.0422818, 1, 0.00059474, -0.000341968, 0.00293293, 0.275046
0.00504768, 0.00262339, -0.00589362, 0.000905065, -0.000248799, 0.000226388, -0.00435164, 0.00253367, -0.000361073, 0.00059474, 1, 0.204192, 0.112923, -0.00461738
-0.00482977, 0.00278676, 0.0232957, -0.000952758, 0.000799247, -0.000652888, 0.0195767, 0.00249264, 0.000700244, -0.000341968, 0.204192, 1, -0.144748, -0.026394
-0.0025429, 0.0154292, -0.00181228, -0.00115174, 0.000460608, -0.000544892, -0.00118311, 0.0158993, -0.000246465, 0.00293293, 0.112923, -0.144748, 1, 0.00649407
-0.0120045, 0.0389271, -0.00588055, -0.00246641, 0.00117341, -0.000960815, -0.00704194, 0.0381684, -0.243473, 0.275046, -0.00461738, -0.026394, 0.00649407, 1
DJI_0249.JPG
FC6310_8.8_4864x3648 (RGB)
PerspectiveCamera5
global
F,C0_x,C0_y,R1,R2,R3,T1,T2,X,Y,Z,Alpha,Beta,Gamma
1, 0.0328556, -0.393775, -0.237045, 0.270453, -0.236784, -0.15222, 0.0414033, 0.00152501, 0.00428745, 0.00453436, -0.00477314, -0.00258629, -0.0119531
0.0328556, 1, -0.0565385, -0.0032051, 0.00815648, -0.00733533, -0.0888418, 0.946523, -0.000829952, -0.00150719, 0.00244633, 0.00295213, 0.015693, 0.0385682
-0.393775, -0.0565385, 1, -0.0691387, 0.0259573, -0.0208535, 0.800684, -0.0793322, 0.00476229, 0.000901431, -0.00558436, 0.0231512, -0.00170097, -0.00598381
-0.237045, -0.0032051, -0.0691387, 1, -0.96124, 0.90279, -0.0607056, -0.00703704, 0.000292533, 0.000364537, 0.000796935, -0.000968126, -0.00115685, -0.00252051
0.270453, 0.00815648, 0.0259573, -0.96124, 1, -0.982192, 0.0224707, 0.0149687, 0.000134439, 0.000298172, -0.000180435, 0.00084511, 0.000422353, 0.001224
-0.236784, -0.00733533, -0.0208535, 0.90279, -0.982192, 1, -0.0143785, -0.0136347, -0.000131489, -0.000242985, 0.000153181, -0.000707338, -0.000466753, -0.00103134
-0.15222, -0.0888418, 0.800684, -0.0607056, 0.0224707, -0.0143785, 1, -0.0992074, 0.0030026, 0.00221854, -0.00417322, 0.0193887, -0.00111095, -0.00712434
0.0414033, 0.946523, -0.0793322, -0.00703704, 0.0149687, -0.0136347, -0.0992074, 1, -0.000282868, -0.000597438, 0.00232754, 0.00265144, 0.0161433, 0.0378309
0.00152501, -0.000829952, 0.00476229, 0.000292533, 0.000134439, -0.000131489, 0.0030026, -0.000282868, 1, 0.0355479, -0.000292285, 0.00558038, -0.00155731, -0.248324
0.00428745, -0.00150719, 0.000901431, 0.000364537, 0.000298172, -0.000242985, 0.00221854, -0.000597438, 0.0355479, 1, 0.000480309, -0.000422626, 0.0069061, 0.221225
0.00453436, 0.00244633, -0.00558436, 0.000796935, -0.000180435, 0.000153181, -0.00417322, 0.00232754, -0.000292285, 0.000480309, 1, 0.16213, 0.122578, -0.00320315
-0.00477314, 0.00295213, 0.0231512, -0.000968126, 0.00084511, -0.000707338, 0.0193887, 0.00265144, 0.00558038, -0.000422626, 0.16213, 1, -0.145186, -0.0244192
-0.00258629, 0.015693, -0.00170097, -0.00115685, 0.000422353, -0.000466753, -0.00111095, 0.0161433, -0.00155731, 0.0069061, 0.122578, -0.145186, 1, 0.00623173
-0.0119531, 0.0385682, -0.00598381, -0.00252051, 0.001224, -0.00103134, -0.00712434, 0.0378309, -0.248324, 0.221225, -0.00320315, -0.0244192, 0.00623173, 1
DJI_0250.JPG
FC6310_8.8_4864x3648 (RGB)
PerspectiveCamera5
global
F,C0_x,C0_y,R1,R2,R3,T1,T2,X,Y,Z,Alpha,Beta,Gamma
1, 0.0328556, -0.393775, -0.237045, 0.270453, -0.236784, -0.15222, 0.0414033, 0.00169391, 0.00502479, 0.00384881, -0.00499575, -0.00305107, -0.0109721
0.0328556, 1, -0.0565385, -0.0032051, 0.00815648, -0.00733533, -0.0888418, 0.946523, -0.000985363, -0.00131575, 0.00211847, 0.00322134, 0.0150563, 0.0383065
-0.393775, -0.0565385, 1, -0.0691387, 0.0259573, -0.0208535, 0.800684, -0.0793322, 0.00545773, 0.00118664, -0.00508218, 0.0232802, -0.00193369, -0.00620493
-0.237045, -0.0032051, -0.0691387, 1, -0.96124, 0.90279, -0.0607056, -0.00703704, 0.000803246, 0.000655805, 0.00073893, -0.00101079, -0.000909979, -0.00228722
0.270453, 0.00815648, 0.0259573, -0.96124, 1, -0.982192, 0.0224707, 0.0149687, -0.000227856, 0.000112771, -0.000185316, 0.000865012, 0.000141029, 0.00106747
-0.236784, -0.00733533, -0.0208535, 0.90279, -0.982192, 1, -0.0143785, -0.0136347, 0.000169772, -2.94175e-05, 0.000142745, -0.000752633, -9.96064e-05, -0.000835715
-0.15222, -0.0888418, 0.800684, -0.0607056, 0.0224707, -0.0143785, 1, -0.0992074, 0.00372612, 0.00222599, -0.00379646, 0.0195645, -0.00181138, -0.00732026
0.0414033, 0.946523, -0.0793322, -0.00703704, 0.0149687, -0.0136347, -0.0992074, 1, -0.000981942, -0.000537283, 0.00201512, 0.00292227, 0.0155101, 0.0376118
0.00169391, -0.000985363, 0.00545773, 0.000803246, -0.000227856, 0.000169772, 0.00372612, -0.000981942, 1, 0.0262673, -0.000452836, 0.00458115, -0.00197019, -0.250333
0.00502479, -0.00131575, 0.00118664, 0.000655805, 0.000112771, -2.94175e-05, 0.00222599, -0.000537283, 0.0262673, 1, 0.000480956, 2.77293e-05, 0.00587663, 0.153819
0.00384881, 0.00211847, -0.00508218, 0.00073893, -0.000185316, 0.000142745, -0.00379646, 0.00201512, -0.000452836, 0.000480956, 1, 0.118787, 0.12325, -0.00199681
-0.00499575, 0.00322134, 0.0232802, -0.00101079, 0.000865012, -0.000752633, 0.0195645, 0.00292227, 0.00458115, 2.77293e-05, 0.118787, 1, -0.159876, -0.0231129
-0.00305107, 0.0150563, -0.00193369, -0.000909979, 0.000141029, -9.96064e-05, -0.00181138, 0.0155101, -0.00197019, 0.00587663, 0.12325, -0.159876, 1, 0.00643883
-0.0109721, 0.0383065, -0.00620493, -0.00228722, 0.00106747, -0.000835715, -0.00732026, 0.0376118, -0.250333, 0.153819, -0.00199681, -0.0231129, 0.00643883, 1
DJI_0251.JPG
FC6310_8.8_4864x3648 (RGB)
PerspectiveCamera5
global
F,C0_x,C0_y,R1,R2,R3,T1,T2,X,Y,Z,Alpha,Beta,Gamma
1, 0.0328556, -0.393775, -0.237045, 0.270453, -0.236784, -0.15222, 0.0414033, 0.00163737, 0.00602764, 0.00298179, -0.00505226, -0.00315475, -0.0107009
0.0328556, 1, -0.0565385, -0.0032051, 0.00815648, -0.00733533, -0.0888418, 0.946523, -0.0017016, -0.00108514, 0.00178333, 0.0034268, 0.0151195, 0.0379109
-0.393775, -0.0565385, 1, -0.0691387, 0.0259573, -0.0208535, 0.800684, -0.0793322, 0.00641037, 0.001634, -0.00446312, 0.0232584, -0.00195766, -0.00648064
-0.237045, -0.0032051, -0.0691387, 1, -0.96124, 0.90279, -0.0607056, -0.00703704, 0.00110535, 0.00104412, 0.000651006, -0.000985744, -0.000889762, -0.0021495
0.270453, 0.00815648, 0.0259573, -0.96124, 1, -0.982192, 0.0224707, 0.0149687, -0.000341251, -0.000129743, -0.000163202, 0.00087201, 0.000139417, 0.000906633
-0.236784, -0.00733533, -0.0208535, 0.90279, -0.982192, 1, -0.0143785, -0.0136347, 0.00024649, 0.000204438, 0.000102312, -0.000786298, -4.42436e-05, -0.000674075
-0.15222, -0.0888418, 0.800684, -0.0607056, 0.0224707, -0.0143785, 1, -0.0992074, 0.00474318, 0.00259605, -0.00339147, 0.0195062, -0.0019473, -0.00759462
0.0414033, 0.946523, -0.0793322, -0.00703704, 0.0149687, -0.0136347, -0.0992074, 1, -0.0019717, -0.000461629, 0.0016483, 0.00310961, 0.0156009, 0.0372524
0.00163737, -0.0017016, 0.00641037, 0.00110535, -0.000341251, 0.00024649, 0.00474318, -0.0019717, 1, 0.0138285, -0.000581992, 0.0104853, -0.00426251, -0.244224
0.00602764, -0.00108514, 0.001634, 0.00104412, -0.000129743, 0.000204438, 0.00259605, -0.000461629, 0.0138285, 1, 0.000413809, 0.000490931, 0.0105969, 0.0685799
0.00298179, 0.00178333, -0.00446312, 0.000651006, -0.000163202, 0.000102312, -0.00339147, 0.0016483, -0.000581992, 0.000413809, 1, 0.0573273, 0.134593, -0.000498989
-0.00505226, 0.0034268, 0.0232584, -0.000985744, 0.00087201, -0.000786298, 0.0195062, 0.00310961, 0.0104853, 0.000490931, 0.0573273, 1, -0.164138, -0.0216272
-0.00315475, 0.0151195, -0.00195766, -0.000889762, 0.000139417, -4.42436e-05, -0.0019473, 0.0156009, -0.00426251, 0.0105969, 0.134593, -0.164138, 1, 0.0063333
-0.0107009, 0.0379109, -0.00648064, -0.0021495, 0.000906633, -0.000674075, -0.00759462, 0.0372524, -0.244224, 0.0685799, -0.000498989, -0.0216272, 0.0063333, 1
DJI_0252.JPG
FC6310_8.8_4864x3648 (RGB)
PerspectiveCamera5
global
F,C0_x,C0_y,R1,R2,R3,T1,T2,X,Y,Z,Alpha,Beta,Gamma
1, 0.0328556, -0.393775, -0.237045, 0.270453, -0.236784, -0.15222, 0.0414033, 0.00158126, 0.00743673, 0.00186673, -0.00497126, -0.00307445, -0.0108717
0.0328556, 1, -0.0565385, -0.0032051, 0.00815648, -0.00733533, -0.0888418, 0.946523, -0.00261396, -0.000713946, 0.00126671, 0.0034276, 0.015182, 0.0377483
-0.393775, -0.0565385, 1, -0.0691387, 0.0259573, -0.0208535, 0.800684, -0.0793322, 0.00715248, 0.00210085, -0.00353787, 0.0232736, -0.00171626, -0.00699206
-0.237045, -0.0032051, -0.0691387, 1, -0.96124, 0.90279, -0.0607056, -0.00703704, 0.00144947, 0.00146374, 0.00048391, -0.00100865, -0.000978456, -0.00220881
0.270453, 0.00815648, 0.0259573, -0.96124, 1, -0.982192, 0.0224707, 0.0149687, -0.000630317, -0.000340095, -0.00011803, 0.00091018, 0.000238296, 0.00097752
-0.236784, -0.00733533, -0.0208535, 0.90279, -0.982192, 1, -0.0143785, -0.0136347, 0.000508404, 0.000352261, 5.63813e-05, -0.000827743, -0.00014318, -0.000794731
-0.15222, -0.0888418, 0.800684, -0.0607056, 0.0224707, -0.0143785, 1, -0.0992074, 0.00546374, 0.00309318, -0.00271285, 0.0195757, -0.00152876, -0.00815449
0.0414033, 0.946523, -0.0793322, -0.00703704, 0.0149687, -0.0136347, -0.0992074, 1, -0.00312408, -0.000311971, 0.00109324, 0.00310121, 0.0156218, 0.0371358
0.00158126, -0.00261396, 0.00715248, 0.00144947, -0.000630317, 0.000508404, 0.00546374, -0.00312408, 1, -0.00113194, -0.000917163, 0.0142866, -0.00568563, -0.229331
0.00743673, -0.000713946, 0.00210085, 0.00146374, -0.000340095, 0.000352261, 0.00309318, -0.000311971, -0.00113194, 1, 0.000387725, 0.00072163, 0.0135565, -0.041313
0.00186673, 0.00126671, -0.00353787, 0.00048391, -0.00011803, 5.63813e-05, -0.00271285, 0.00109324, -0.000917163, 0.000387725, 1, -0.0248047, 0.150683, 0.00124427
-0.00497126, 0.0034276, 0.0232736, -0.00100865, 0.00091018, -0.000827743, 0.0195757, 0.00310121, 0.0142866, 0.00072163, -0.0248047, 1, -0.16326, -0.0214659
-0.00307445, 0.015182, -0.00171626, -0.000978456, 0.000238296, -0.00014318, -0.00152876, 0.0156218, -0.00568563, 0.0135565, 0.150683, -0.16326, 1, 0.00628693
-0.0108717, 0.0377483, -0.00699206, -0.00220881, 0.00097752, -0.000794731, -0.00815449, 0.0371358, -0.229331, -0.041313, 0.00124427, -0.0214659, 0.00628693, 1
DJI_0253.JPG
FC6310_8.8_4864x3648 (RGB)
PerspectiveCamera5
global
F,C0_x,C0_y,R1,R2,R3,T1,T2,X,Y,Z,Alpha,Beta,Gamma
1, 0.0328556, -0.393775, -0.237045, 0.270453, -0.236784, -0.15222, 0.0414033, 0.0010804, 0.00853402, 0.000769879, -0.00492159, -0.00314596, -0.0110329
0.0328556, 1, -0.0565385, -0.0032051, 0.00815648, -0.00733533, -0.0888418, 0.946523, -0.00359634, -0.000347402, 0.000756596, 0.00337169, 0.0152778, 0.0375376
-0.393775, -0.0565385, 1, -0.0691387, 0.0259573, -0.0208535, 0.800684, -0.0793322, 0.00791819, 0.00267362, -0.00267631, 0.0232336, -0.00166936, -0.00742421
-0.237045, -0.0032051, -0.0691387, 1, -0.96124, 0.90279, -0.0607056, -0.00703704, 0.00176264, 0.0018585, 0.000334265, -0.00095198, -0.000809364, -0.00240926
0.270453, 0.00815648, 0.0259573, -0.96124, 1, -0.982192, 0.0224707, 0.0149687, -0.000876786, -0.000520266, -9.05546e-05, 0.000872187, 0.000131843, 0.00120199
-0.236784, -0.00733533, -0.0208535, 0.90279, -0.982192, 1, -0.0143785, -0.0136347, 0.00071119, 0.000460024, 3.16092e-05, -0.000791678, -7.34193e-05, -0.00108746
-0.15222, -0.0888418, 0.800684, -0.0607056, 0.0224707, -0.0143785, 1, -0.0992074, 0.00618915, 0.00356553, -0.0021465, 0.0195035, -0.0015646, -0.00863399
0.0414033, 0.946523, -0.0793322, -0.00703704, 0.0149687, -0.0136347, -0.0992074, 1, -0.00428655, -0.000182994, 0.000556179, 0.00304998, 0.0156805, 0.036954
0.0010804, -0.00359634, 0.00791819, 0.00176264, -0.000876786, 0.00071119, 0.00618915, -0.00428655, 1, -0.013308, -0.00128056, 0.0166552, -0.00665748, -0.204495
0.00853402, -0.000347402, 0.00267362, 0.0018585, -0.000520266, 0.000460024, 0.00356553, -0.000182994, -0.013308, 1, 0.000393163, 0.000899132, 0.01537, -0.149532
0.000769879, 0.000756596, -0.00267631, 0.000334265, -9.05546e-05, 3.16092e-05, -0.0021465, 0.000556179, -0.00128056, 0.000393163, 1, -0.105502, 0.160943, 0.00303255
-0.00492159, 0.00337169, 0.0232336, -0.00095198, 0.000872187, -0.000791678, 0.0195035, 0.00304998, 0.0166552, 0.000899132, -0.105502, 1, -0.16213, -0.0223321
-0.00314596, 0.0152778, -0.00166936, -0.000809364, 0.000131843, -7.34193e-05, -0.0015646, 0.0156805, -0.00665748, 0.01537, 0.160943, -0.16213, 1, 0.0064301
-0.0110329, 0.0375376, -0.00742421, -0.00240926, 0.00120199, -0.00108746, -0.00863399, 0.036954, -0.204495, -0.149532, 0.00303255, -0.0223321, 0.0064301, 1
DJI_0254.JPG
FC6310_8.8_4864x3648 (RGB)
PerspectiveCamera5
global
F,C0_x,C0_y,R1,R2,R3,T1,T2,X,Y,Z,Alpha,Beta,Gamma
1, 0.0328556, -0.393775, -0.237045, 0.270453, -0.236784, -0.15222, 0.0414033, 0.000786593, 0.00916254, -0.000318518, -0.00534604, -0.00396503, -0.00950495
0.0328556, 1, -0.0565385, -0.0032051, 0.00815648, -0.00733533, -0.0888418, 0.946523, -0.00340221, 0.000169263, 0.000263359, 0.00396259, 0.0139792, 0.0374673
-0.393775, -0.0565385, 1, -0.0691387, 0.0259573, -0.0208535, 0.800684, -0.0793322, 0.00826726, 0.00345201, -0.00192626, 0.0232714, -0.00144102, -0.00797655
-0.237045, -0.0032051, -0.0691387, 1, -0.96124, 0.90279, -0.0607056, -0.00703704, 0.00162668, 0.00213452, 0.000181441, -0.000986529, -0.000871935, -0.00209652
0.270453, 0.00815648, 0.0259573, -0.96124, 1, -0.982192, 0.0224707, 0.0149687, -0.000683864, -0.000675888, -8.10437e-05, 0.00081959, 3.91838e-05, 0.00099104
-0.236784, -0.00733533, -0.0208535, 0.90279, -0.982192, 1, -0.0143785, -0.0136347, 0.000461308, 0.000621161, 4.09035e-05, -0.00071206, 0.000132526, -0.000817522
-0.15222, -0.0888418, 0.800684, -0.0607056, 0.0224707, -0.0143785, 1, -0.0992074, 0.00669116, 0.00394913, -0.00168174, 0.0194335, -0.00181244, -0.00916172
0.0414033, 0.946523, -0.0793322, -0.00703704, 0.0149687, -0.0136347, -0.0992074, 1, -0.00438188, 7.66342e-05, 7.365e-05, 0.00363245, 0.0142989, 0.0370221
0.000786593, -0.00340221, 0.00826726, 0.00162668, -0.000683864, 0.000461308, 0.00669116, -0.00438188, 1, -0.0225797, -0.00158922, 0.0163534, -0.00883029, -0.1828
0.00916254, 0.000169263, 0.00345201, 0.00213452, -0.000675888, 0.000621161, 0.00394913, 7.66342e-05, -0.0225797, 1, 0.000363983, 0.00256316, 0.0148881, -0.252885
-0.000318518, 0.000263359, -0.00192626, 0.000181441, -8.10437e-05, 4.09035e-05, -0.00168174, 7.365e-05, -0.00158922, 0.000363983, 1, -0.167743, 0.1904, 0.00419347
-0.00534604, 0.00396259, 0.0232714, -0.000986529, 0.00081959, -0.00071206, 0.0194335, 0.00363245, 0.0163534, 0.00256316, -0.167743, 1, -0.178873, -0.0207454
-0.00396503, 0.0139792, -0.00144102, -0.000871935, 3.91838e-05, 0.000132526, -0.00181244, 0.0142989, -0.00883029, 0.0148881, 0.1904, -0.178873, 1, 0.00663832
-0.00950495, 0.0374673, -0.00797655, -0.00209652, 0.00099104, -0.000817522, -0.00916172, 0.0370221, -0.1828, -0.252885, 0.00419347, -0.0207454, 0.00663832, 1
DJI_0255.JPG
FC6310_8.8_4864x3648 (RGB)
PerspectiveCamera5
global
F,C0_x,C0_y,R1,R2,R3,T1,T2,X,Y,Z,Alpha,Beta,Gamma
1, 0.0328556, -0.393775, -0.237045, 0.270453, -0.236784, -0.15222, 0.0414033, 0.000959944, 0.00923054, -0.00089754, -0.00732501, -0.00517265, -0.00725758
0.0328556, 1, -0.0565385, -0.0032051, 0.00815648, -0.00733533, -0.0888418, 0.946523, -0.00322505, 0.000422726, -0.000175218, 0.00399337, 0.0147935, 0.0356642
-0.393775, -0.0565385, 1, -0.0691387, 0.0259573, -0.0208535, 0.800684, -0.0793322, 0.00705727, 0.00378874, -0.00143832, 0.0230762, -0.00043788, -0.0091158
-0.237045, -0.0032051, -0.0691387, 1, -0.96124, 0.90279, -0.0607056, -0.00703704, 0.00169861, 0.00220415, 0.000109278, -0.00111078, -0.000974382, -0.00205938
0.270453, 0.00815648, 0.0259573, -0.96124, 1, -0.982192, 0.0224707, 0.0149687, -0.000647478, -0.000693703, -8.69878e-05, 0.000778144, 3.30631e-05, 0.000958938
-0.236784, -0.00733533, -0.0208535, 0.90279, -0.982192, 1, -0.0143785, -0.0136347, 0.000398453, 0.000576549, 3.31829e-05, -0.000728585, -1.87919e-05, -0.00073783
-0.15222, -0.0888418, 0.800684, -0.0607056, 0.0224707, -0.0143785, 1, -0.0992074, 0.00632537, 0.00423283, -0.00126981, 0.0194601, -0.0012735, -0.00995209
0.0414033, 0.946523, -0.0793322, -0.00703704, 0.0149687, -0.0136347, -0.0992074, 1, -0.00445057, 0.000200779, -0.000288137, 0.00376177, 0.0152472, 0.0355395
0.000959944, -0.00322505, 0.00705727, 0.00169861, -0.000647478, 0.000398453, 0.00632537, -0.00445057, 1, -0.0256391, -0.001795, 0.0172412, -0.0125922, -0.155872
0.00923054, 0.000422726, 0.00378874, 0.00220415, -0.000693703, 0.000576549, 0.00423283, 0.000200779, -0.0256391, 1, 0.000391626, 0.00541372, 0.0151915, -0.326522
-0.00089754, -0.000175218, -0.00143832, 0.000109278, -8.69878e-05, 3.31829e-05, -0.00126981, -0.000288137, -0.001795, 0.000391626, 1, -0.196372, 0.227536, 0.00443061
-0.00732501, 0.00399337, 0.0230762, -0.00111078, 0.000778144, -0.000728585, 0.0194601, 0.00376177, 0.0172412, 0.00541372, -0.196372, 1, -0.189149, -0.0191136
-0.00517265, 0.0147935, -0.00043788, -0.000974382, 3.30631e-05, -1.87919e-05, -0.0012735, 0.0152472, -0.0125922, 0.0151915, 0.227536, -0.189149, 1, 0.00693798
-0.00725758, 0.0356642, -0.0091158, -0.00205938, 0.000958938, -0.00073783, -0.00995209, 0.0355395, -0.155872, -0.326522, 0.00443061, -0.0191136, 0.00693798, 1
DJI_0256.JPG
FC6310_8.8_4864x3648 (RGB)
PerspectiveCamera5
global
F,C0_x,C0_y,R1,R2,R3,T1,T2,X,Y,Z,Alpha,Beta,Gamma
1, 0.0328556, -0.393775, -0.237045, 0.270453, -0.236784, -0.15222, 0.0414033, 9.84946e-05, 0.00888843, -0.0014477, -0.00825536, -0.00453848, -0.00578765
0.0328556, 1, -0.0565385, -0.0032051, 0.00815648, -0.00733533, -0.0888418, 0.946523, -0.00285953, 0.000674074, -0.000536925, 0.00407844, 0.0137992, 0.0348219
-0.393775, -0.0565385, 1, -0.0691387, 0.0259573, -0.0208535, 0.800684, -0.0793322, 0.00679021, 0.00423053, -0.000987589, 0.023073, -0.000859706, -0.00894926
-0.237045, -0.0032051, -0.0691387, 1, -0.96124, 0.90279, -0.0607056, -0.00703704, 0.00156671, 0.00219062, -4.32692e-05, -0.00120153, -0.00125195, -0.00177037
0.270453, 0.00815648, 0.0259573, -0.96124, 1, -0.982192, 0.0224707, 0.0149687, -0.000604868, -0.000575538, 5.29639e-06, 0.000848248, 0.000530821, 0.000823295
-0.236784, -0.00733533, -0.0208535, 0.90279, -0.982192, 1, -0.0143785, -0.0136347, 0.000370442, 0.000427712, -4.72399e-05, -0.000791489, -0.000566982, -0.000595161
-0.15222, -0.0888418, 0.800684, -0.0607056, 0.0224707, -0.0143785, 1, -0.0992074, 0.00604737, 0.00435898, -0.00102421, 0.0189737, -0.00189064, -0.00983379
0.0414033, 0.946523, -0.0793322, -0.00703704, 0.0149687, -0.0136347, -0.0992074, 1, -0.00415942, 0.000300563, -0.000607507, 0.0037817, 0.0145365, 0.0345402
9.84946e-05, -0.00285953, 0.00679021, 0.00156671, -0.000604868, 0.000370442, 0.00604737, -0.00415942, 1, -0.0215172, -0.00210769, 0.0187037, -0.0162149, -0.112694
0.00888843, 0.000674074, 0.00423053, 0.00219062, -0.000575538, 0.000427712, 0.00435898, 0.000300563, -0.0215172, 1, 0.000473176, 0.00845632, 0.0163928, -0.382316
-0.0014477, -0.000536925, -0.000987589, -4.32692e-05, 5.29639e-06, -4.72399e-05, -0.00102421, -0.000607507, -0.00210769, 0.000473176, 1, -0.220355, 0.248456, 0.00525049
-0.00825536, 0.00407844, 0.023073, -0.00120153, 0.000848248, -0.000791489, 0.0189737, 0.0037817, 0.0187037, 0.00845632, -0.220355, 1, -0.184633, -0.0204955
-0.00453848, 0.0137992, -0.000859706, -0.00125195, 0.000530821, -0.000566982, -0.00189064, 0.0145365, -0.0162149, 0.0163928, 0.248456, -0.184633, 1, 0.00729151
-0.00578765, 0.0348219, -0.00894926, -0.00177037, 0.000823295, -0.000595161, -0.00983379, 0.0345402, -0.112694, -0.382316, 0.00525049, -0.0204955, 0.00729151, 1
DJI_0257.JPG
FC6310_8.8_4864x3648 (RGB)
PerspectiveCamera5
global
F,C0_x,C0_y,R1,R2,R3,T1,T2,X,Y,Z,Alpha,Beta,Gamma
1, 0.0328556, -0.393775, -0.237045, 0.270453, -0.236784, -0.15222, 0.0414033, -0.000436845, 0.00819548, -0.00173931, -0.00885991, -0.00429536, -0.00420881
0.0328556, 1, -0.0565385, -0.0032051, 0.00815648, -0.00733533, -0.0888418, 0.946523, -0.0024436, 0.000907692, -0.000722225, 0.00446423, 0.0123588, 0.034098
-0.393775, -0.0565385, 1, -0.0691387, 0.0259573, -0.0208535, 0.800684, -0.0793322, 0.00628674, 0.00466179, -0.000680681, 0.0227555, -0.000574783, -0.00844477
-0.237045, -0.0032051, -0.0691387, 1, -0.96124, 0.90279, -0.0607056, -0.00703704, 0.00142418, 0.00221395, -0.000175409, -0.00152643, -0.00110557, -0.00165794
0.270453, 0.00815648, 0.0259573, -0.96124, 1, -0.982192, 0.0224707, 0.0149687, -0.000547236, -0.000499012, 3.86462e-05, 0.00102417, 0.000571784, 0.000918998
-0.236784, -0.00733533, -0.0208535, 0.90279, -0.982192, 1, -0.0143785, -0.0136347, 0.000346673, 0.00030068, -4.3112e-05, -0.000862314, -0.000704753, -0.000711069
-0.15222, -0.0888418, 0.800684, -0.0607056, 0.0224707, -0.0143785, 1, -0.0992074, 0.00556646, 0.00449147, -0.000833322, 0.0182164, -0.00167266, -0.00938559
0.0414033, 0.946523, -0.0793322, -0.00703704, 0.0149687, -0.0136347, -0.0992074, 1, -0.00373511, 0.00035034, -0.000736391, 0.00428188, 0.01305, 0.0335872
-0.000436845, -0.0024436, 0.00628674, 0.00142418, -0.000547236, 0.000346673, 0.00556646, -0.00373511, 1, -0.0152428, -0.00231292, 0.0184285, -0.0193376, -0.075151
0.00819548, 0.000907692, 0.00466179, 0.00221395, -0.000499012, 0.00030068, 0.00449147, 0.00035034, -0.0152428, 1, 0.000511076, 0.0116357, 0.0163304, -0.420076
-0.00173931, -0.000722225, -0.000680681, -0.000175409, 3.86462e-05, -4.3112e-05, -0.000833322, -0.000736391, -0.00231292, 0.000511076, 1, -0.227281, 0.269887, 0.00572673
-0.00885991, 0.00446423, 0.0227555, -0.00152643, 0.00102417, -0.000862314, 0.0182164, 0.00428188, 0.0184285, 0.0116357, -0.227281, 1, -0.169317, -0.0215929
-0.00429536, 0.0123588, -0.000574783, -0.00110557, 0.000571784, -0.000704753, -0.00167266, 0.01305, -0.0193376, 0.0163304, 0.269887, -0.169317, 1, 0.00730724
-0.00420881, 0.034098, -0.00844477, -0.00165794, 0.000918998, -0.000711069, -0.00938559, 0.0335872, -0.075151, -0.420076, 0.00572673, -0.0215929, 0.00730724, 1
DJI_0258.JPG
FC6310_8.8_4864x3648 (RGB)
PerspectiveCamera5
global
F,C0_x,C0_y,R1,R2,R3,T1,T2,X,Y,Z,Alpha,Beta,Gamma
1, 0.0328556, -0.393775, -0.237045, 0.270453, -0.236784, -0.15222, 0.0414033, -0.000715508, 0.00760323, -0.00203604, -0.00939431, -0.00429308, -0.00283998
0.0328556, 1, -0.0565385, -0.0032051, 0.00815648, -0.00733533, -0.0888418, 0.946523, -0.00220371, 0.00122645, -0.000870331, 0.00465889, 0.0116748, 0.0332855
-0.393775, -0.0565385, 1, -0.0691387, 0.0259573, -0.0208535, 0.800684, -0.0793322, 0.00590792, 0.0049504, -0.000370557, 0.0226242, -0.000572392, -0.00804578
-0.237045, -0.0032051, -0.0691387, 1, -0.96124, 0.90279, -0.0607056, -0.00703704, 0.0012398, 0.00224688, -0.000226003, -0.00160979, -0.000814952, -0.00143313
0.270453, 0.00815648, 0.0259573, -0.96124, 1, -0.982192, 0.0224707, 0.0149687, -0.000507787, -0.000552936, 4.38676e-05, 0.00103737, 0.000425683, 0.000888199
-0.236784, -0.00733533, -0.0208535, 0.90279, -0.982192, 1, -0.0143785, -0.0136347, 0.00034272, 0.000365003, -3.53699e-05, -0.000846562, -0.000550982, -0.000707611
-0.15222, -0.0888418, 0.800684, -0.0607056, 0.0224707, -0.0143785, 1, -0.0992074, 0.00529595, 0.00448099, -0.000642417, 0.017723, -0.001915, -0.00908811
0.0414033, 0.946523, -0.0793322, -0.00703704, 0.0149687, -0.0136347, -0.0992074, 1, -0.00343818, 0.000531954, -0.000832099, 0.00458888, 0.0123379, 0.0325882
-0.000715508, -0.00220371, 0.00590792, 0.0012398, -0.000507787, 0.00034272, 0.00529595, -0.00343818, 1, -0.00815755, -0.00232068, 0.0162077, -0.0206515, -0.0412339
0.00760323, 0.00122645, 0.0049504, 0.00224688, -0.000552936, 0.000365003, 0.00448099, 0.000531954, -0.00815755, 1, 0.000538345, 0.0138626, 0.0147076, -0.452078
-0.00203604, -0.000870331, -0.000370557, -0.000226003, 4.38676e-05, -3.53699e-05, -0.000642417, -0.000832099, -0.00232068, 0.000538345, 1, -0.228919, 0.291968, 0.00582216
-0.00939431, 0.00465889, 0.0226242, -0.00160979, 0.00103737, -0.000846562, 0.017723, 0.00458888, 0.0162077, 0.0138626, -0.228919, 1, -0.146282, -0.0214246
-0.00429308, 0.0116748, -0.000572392, -0.000814952, 0.000425683, -0.000550982, -0.001915, 0.0123379, -0.0206515, 0.0147076, 0.291968, -0.146282, 1, 0.00679434
-0.00283998, 0.0332855, -0.00804578, -0.00143313, 0.000888199, -0.000707611, -0.00908811, 0.0325882, -0.0412339, -0.452078, 0.00582216, -0.0214246, 0.00679434, 1
DJI_0259.JPG
FC6310_8.8_4864x3648 (RGB)
PerspectiveCamera5
global
F,C0_x,C0_y,R1,R2,R3,T1,T2,X,Y,Z,Alpha,Beta,Gamma
1, 0.0328556, -0.393775, -0.237045, 0.270453, -0.236784, -0.15222, 0.0414033, -0.000937102, 0.00712971, -0.00230695, -0.00970457, -0.00423453, -0.00208236
0.0328556, 1, -0.0565385, -0.0032051, 0.00815648, -0.00733533, -0.0888418, 0.946523, -0.00219811, 0.00148972, -0.00104023, 0.00465027, 0.0112637, 0.0327678
-0.393775, -0.0565385, 1, -0.0691387, 0.0259573, -0.0208535, 0.800684, -0.0793322, 0.005548, 0.00515725, -1.36924e-06, 0.0224557, -0.000439617, -0.00778522
-0.237045, -0.0032051, -0.0691387, 1, -0.96124, 0.90279, -0.0607056, -0.00703704, 0.00113326, 0.00218391, -0.00027436, -0.00156575, -0.000896045, -0.0013237
0.270453, 0.00815648, 0.0259573, -0.96124, 1, -0.982192, 0.0224707, 0.0149687, -0.00051147, -0.000551391, 3.85284e-05, 0.000914835, 0.000557181, 0.000877365
-0.236784, -0.00733533, -0.0208535, 0.90279, -0.982192, 1, -0.0143785, -0.0136347, 0.000348464, 0.000376671, -6.26636e-06, -0.000667683, -0.00062586, -0.00068708
-0.15222, -0.0888418, 0.800684, -0.0607056, 0.0224707, -0.0143785, 1, -0.0992074, 0.00499396, 0.00447953, -0.00037386, 0.0173276, -0.00197376, -0.008875
0.0414033, 0.946523, -0.0793322, -0.00703704, 0.0149687, -0.0136347, -0.0992074, 1, -0.00329534, 0.00076157, -0.000987102, 0.0046635, 0.0118965, 0.0319094
-0.000937102, -0.00219811, 0.005548, 0.00113326, -0.00051147, 0.000348464, 0.00499396, -0.00329534, 1, 0.00046052, -0.00192556, 0.0119309, -0.0178687, -0.0065799
0.00712971, 0.00148972, 0.00515725, 0.00218391, -0.000551391, 0.000376671, 0.00447953, 0.00076157, 0.00046052, 1, 0.000417321, 0.0126299, 0.0111991, -0.477864
-0.00230695, -0.00104023, -1.36924e-06, -0.00027436, 3.85284e-05, -6.26636e-06, -0.00037386, -0.000987102, -0.00192556, 0.000417321, 1, -0.237813, 0.305555, 0.00666566
-0.00970457, 0.00465027, 0.0224557, -0.00156575, 0.000914835, -0.000667683, 0.0173276, 0.0046635, 0.0119309, 0.0126299, -0.237813, 1, -0.128029, -0.0239647
-0.00423453, 0.0112637, -0.000439617, -0.000896045, 0.000557181, -0.00062586, -0.00197376, 0.0118965, -0.0178687, 0.0111991, 0.305555, -0.128029, 1, 0.00672891
-0.00208236, 0.0327678, -0.00778522, -0.0013237, 0.000877365, -0.00068708, -0.008875, 0.0319094, -0.0065799, -0.477864, 0.00666566, -0.0239647, 0.00672891, 1
DJI_0260.JPG
FC6310_8.8_4864x3648 (RGB)
PerspectiveCamera5
global
F,C0_x,C0_y,R1,R2,R3,T1,T2,X,Y,Z,Alpha,Beta,Gamma
1, 0.0328556, -0.393775, -0.237045, 0.270453, -0.236784, -0.15222, 0.0414033, -0.00118856, 0.00676522, -0.00273689, -0.00952578, -0.0043197, -0.00219405
0.0328556, 1, -0.0565385, -0.0032051, 0.00815648, -0.00733533, -0.0888418, 0.946523, -0.00231431, 0.00169543, -0.00129691, 0.00486429, 0.010821, 0.0323988
-0.393775, -0.0565385, 1, -0.0691387, 0.0259573, -0.0208535, 0.800684, -0.0793322, 0.00506305, 0.00541184, 0.000568855, 0.0221306, -4.3832e-05, -0.00765173
-0.237045, -0.0032051, -0.0691387, 1, -0.96124, 0.90279, -0.0607056, -0.00703704, 0.000894675, 0.00192101, -0.000246208, -0.00133193, -0.000967003, -0.0013214
0.270453, 0.00815648, 0.0259573, -0.96124, 1, -0.982192, 0.0224707, 0.0149687, -0.0003899, -0.000421935, -2.23077e-05, 0.000764432, 0.000560312, 0.000872008
-0.236784, -0.00733533, -0.0208535, 0.90279, -0.982192, 1, -0.0143785, -0.0136347, 0.000265954, 0.000284535, 3.75362e-05, -0.000546642, -0.000620112, -0.00069038
-0.15222, -0.0888418, 0.800684, -0.0607056, 0.0224707, -0.0143785, 1, -0.0992074, 0.0043778, 0.00462408, 9.5504e-05, 0.0168799, -0.00134427, -0.008739
0.0414033, 0.946523, -0.0793322, -0.00703704, 0.0149687, -0.0136347, -0.0992074, 1, -0.00313605, 0.00111616, -0.00127435, 0.00487831, 0.0114256, 0.0314966
-0.00118856, -0.00231431, 0.00506305, 0.000894675, -0.0003899, 0.000265954, 0.0043778, -0.00313605, 1, 0.0131468, -0.00187006, 0.0116619, -0.0178282, 0.0385768
0.00676522, 0.00169543, 0.00541184, 0.00192101, -0.000421935, 0.000284535, 0.00462408, 0.00111616, 0.0131468, 1, 0.000442854, 0.0127362, 0.0110064, -0.508059
-0.00273689, -0.00129691, 0.000568855, -0.000246208, -2.23077e-05, 3.75362e-05, 9.5504e-05, -0.00127435, -0.00187006, 0.000442854, 1, -0.273478, 0.309786, 0.00814777
-0.00952578, 0.00486429, 0.0221306, -0.00133193, 0.000764432, -0.000546642, 0.0168799, 0.00487831, 0.0116619, 0.0127362, -0.273478, 1, -0.124764, -0.0263179
-0.0043197, 0.010821, -4.3832e-05, -0.000967003, 0.000560312, -0.000620112, -0.00134427, 0.0114256, -0.0178282, 0.0110064, 0.309786, -0.124764, 1, 0.00692243
-0.00219405, 0.0323988, -0.00765173, -0.0013214, 0.000872008, -0.00069038, -0.008739, 0.0314966, 0.0385768, -0.508059, 0.00814777, -0.0263179, 0.00692243, 1
DJI_0261.JPG
FC6310_8.8_4864x3648 (RGB)
PerspectiveCamera5
global
F,C0_x,C0_y,R1,R2,R3,T1,T2,X,Y,Z,Alpha,Beta,Gamma
1, 0.0328556, -0.393775, -0.237045, 0.270453, -0.236784, -0.15222, 0.0414033, -0.00145653, 0.00618114, -0.00330398, -0.00896349, -0.00462567, -0.0029681
0.0328556, 1, -0.0565385, -0.0032051, 0.00815648, -0.00733533, -0.0888418, 0.946523, -0.00278013, 0.00176912, -0.00169291, 0.00477656, 0.0105771, 0.0323921
-0.393775, -0.0565385, 1, -0.0691387, 0.0259573, -0.0208535, 0.800684, -0.0793322, 0.00459438, 0.00575056, 0.00124998, 0.0217126, 0.000242771, -0.00758764
-0.237045, -0.0032051, -0.0691387, 1, -0.96124, 0.90279, -0.0607056, -0.00703704, 0.000407035, 0.00145339, -0.00026656, -0.00126622, -0.000895366, -0.00124337
0.270453, 0.00815648, 0.0259573, -0.96124, 1, -0.982192, 0.0224707, 0.0149687, -9.77471e-05, -0.000165369, -3.51293e-05, 0.000833059, 0.000512418, 0.000734051
-0.236784, -0.00733533, -0.0208535, 0.90279, -0.982192, 1, -0.0143785, -0.0136347, 4.08623e-05, 7.86209e-05, 3.06603e-05, -0.000634936, -0.000620088, -0.000561511
-0.15222, -0.0888418, 0.800684, -0.0607056, 0.0224707, -0.0143785, 1, -0.0992074, 0.00381151, 0.0047336, 0.000644222, 0.0163839, -0.00110684, -0.00881181
0.0414033, 0.946523, -0.0793322, -0.00703704, 0.0149687, -0.0136347, -0.0992074, 1, -0.00327649, 0.00141658, -0.00170181, 0.00478917, 0.0112269, 0.0314871
-0.00145653, -0.00278013, 0.00459438, 0.000407035, -9.77471e-05, 4.08623e-05, 0.00381151, -0.00327649, 1, 0.030534, -0.00174371, 0.0112641, -0.0172503, 0.0934392
0.00618114, 0.00176912, 0.00575056, 0.00145339, -0.000165369, 7.86209e-05, 0.0047336, 0.00141658, 0.030534, 1, 0.000481365, 0.0123654, 0.0106201, -0.5418
-0.00330398, -0.00169291, 0.00124998, -0.00026656, -3.51293e-05, 3.06603e-05, 0.000644222, -0.00170181, -0.00174371, 0.000481365, 1, -0.322532, 0.312153, 0.0101778
-0.00896349, 0.00477656, 0.0217126, -0.00126622, 0.000833059, -0.000634936, 0.0163839, 0.00478917, 0.0112641, 0.0123654, -0.322532, 1, -0.124445, -0.0286769
-0.00462567, 0.0105771, 0.000242771, -0.000895366, 0.000512418, -0.000620088, -0.00110684, 0.0112269, -0.0172503, 0.0106201, 0.312153, -0.124445, 1, 0.00720734
-0.0029681, 0.0323921, -0.00758764, -0.00124337, 0.000734051, -0.000561511, -0.00881181, 0.0314871, 0.0934392, -0.5418, 0.0101778, -0.0286769, 0.00720734, 1
DJI_0262.JPG
FC6310_8.8_4864x3648 (RGB)
PerspectiveCamera5
global
F,C0_x,C0_y,R1,R2,R3,T1,T2,X,Y,Z,Alpha,Beta,Gamma
1, 0.0328556, -0.393775, -0.237045, 0.270453, -0.236784, -0.15222, 0.0414033, -0.00186158, 0.0055201, -0.00372195, -0.00871851, -0.00471234, -0.00334055
0.0328556, 1, -0.0565385, -0.0032051, 0.00815648, -0.00733533, -0.0888418, 0.946523, -0.00284393, 0.00201486, -0.00214002, 0.00453504, 0.0101389, 0.0320531
-0.393775, -0.0565385, 1, -0.0691387, 0.0259573, -0.0208535, 0.800684, -0.0793322, 0.00406424, 0.00582186, 0.00184111, 0.0214291, 0.000548987, -0.00748216
-0.237045, -0.0032051, -0.0691387, 1, -0.96124, 0.90279, -0.0607056, -0.00703704, 0.000120295, 0.00129256, -0.000373156, -0.00131509, -0.000661725, -0.00122971
0.270453, 0.00815648, 0.0259573, -0.96124, 1, -0.982192, 0.0224707, 0.0149687, 1.64562e-05, -0.000209459, 3.20588e-05, 0.000941324, 0.000223435, 0.000698481
-0.236784, -0.00733533, -0.0208535, 0.90279, -0.982192, 1, -0.0143785, -0.0136347, -4.34954e-05, 0.000159633, -4.21275e-05, -0.000748197, -0.000303201, -0.000512525
-0.15222, -0.0888418, 0.800684, -0.0607056, 0.0224707, -0.0143785, 1, -0.0992074, 0.00324359, 0.00464011, 0.00113455, 0.0160293, -0.000837368, -0.00881851
0.0414033, 0.946523, -0.0793322, -0.00703704, 0.0149687, -0.0136347, -0.0992074, 1, -0.00310303, 0.00179895, -0.00218148, 0.00454278, 0.0107715, 0.0311407
-0.00186158, -0.00284393, 0.00406424, 0.000120295, 1.64562e-05, -4.34954e-05, 0.00324359, -0.00310303, 1, 0.0453361, -0.0016645, 0.0107342, -0.0171166, 0.13594
0.0055201, 0.00201486, 0.00582186, 0.00129256, -0.000209459, 0.000159633, 0.00464011, 0.00179895, 0.0453361, 1, 0.000534493, 0.0124425, 0.0101605, -0.566227
-0.00372195, -0.00214002, 0.00184111, -0.000373156, 3.20588e-05, -4.21275e-05, 0.00113455, -0.00218148, -0.0016645, 0.000534493, 1, -0.356572, 0.31935, 0.0120505
-0.00871851, 0.00453504, 0.0214291, -0.00131509, 0.000941324, -0.000748197, 0.0160293, 0.00454278, 0.0107342, 0.0124425, -0.356572, 1, -0.118609, -0.0312339
-0.00471234, 0.0101389, 0.000548987, -0.000661725, 0.000223435, -0.000303201, -0.000837368, 0.0107715, -0.0171166, 0.0101605, 0.31935, -0.118609, 1, 0.00734488
-0.00334055, 0.0320531, -0.00748216, -0.00122971, 0.000698481, -0.000512525, -0.00881851, 0.0311407, 0.13594, -0.566227, 0.0120505, -0.0312339, 0.00734488, 1
DJI_0263.JPG
FC6310_8.8_4864x3648 (RGB)
PerspectiveCamera5
global
F,C0_x,C0_y,R1,R2,R3,T1,T2,X,Y,Z,Alpha,Beta,Gamma
1, 0.0328556, -0.393775, -0.237045, 0.270453, -0.236784, -0.15222, 0.0414033, -0.00229742, 0.00474511, -0.00411431, -0.0090111, -0.00479568, -0.0027395
0.0328556, 1, -0.0565385, -0.0032051, 0.00815648, -0.00733533, -0.0888418, 0.946523, -0.00276301, 0.00259581, -0.00251661, 0.00421063, 0.00945564, 0.0319454
-0.393775, -0.0565385, 1, -0.0691387, 0.0259573, -0.0208535, 0.800684, -0.0793322, 0.00350528, 0.00583735, 0.00234134, 0.0213744, 0.000885648, -0.00723267
-0.237045, -0.0032051, -0.0691387, 1, -0.96124, 0.90279, -0.0607056, -0.00703704, -2.01445e-05, 0.00105471, -0.000435632, -0.00118063, -0.000947634, -0.00121052
0.270453, 0.00815648, 0.0259573, -0.96124, 1, -0.982192, 0.0224707, 0.0149687, 2.85517e-05, -0.000104225, 1.58909e-05, 0.000754498, 0.000407377, 0.000737254
-0.236784, -0.00733533, -0.0208535, 0.90279, -0.982192, 1, -0.0143785, -0.0136347, -7.84482e-05, 6.2537e-05, -1.21185e-06, -0.000535646, -0.000328035, -0.000506155
-0.15222, -0.0888418, 0.800684, -0.0607056, 0.0224707, -0.0143785, 1, -0.0992074, 0.00278918, 0.00444484, 0.00156019, 0.0158308, -0.000728854, -0.00872569
0.0414033, 0.946523, -0.0793322, -0.00703704, 0.0149687, -0.0136347, -0.0992074, 1, -0.0028675, 0.0024053, -0.00254932, 0.00428525, 0.0100349, 0.0309922
-0.00229742, -0.00276301, 0.00350528, -2.01445e-05, 2.85517e-05, -7.84482e-05, 0.00278918, -0.0028675, 1, 0.0586132, -0.00165646, 0.00926875, -0.0178739, 0.171199
0.00474511, 0.00259581, 0.00583735, 0.00105471, -0.000104225, 6.2537e-05, 0.00444484, 0.0024053, 0.0586132, 1, 0.000613596, 0.0137425, 0.00917731, -0.587565
-0.00411431, -0.00251661, 0.00234134, -0.000435632, 1.58909e-05, -1.21185e-06, 0.00156019, -0.00254932, -0.00165646, 0.000613596, 1, -0.363519, 0.348319, 0.013029
-0.0090111, 0.00421063, 0.0213744, -0.00118063, 0.000754498, -0.000535646, 0.0158308, 0.00428525, 0.00926875, 0.0137425, -0.363519, 1, -0.0914886, -0.0329622
-0.00479568, 0.00945564, 0.000885648, -0.000947634, 0.000407377, -0.000328035, -0.000728854, 0.0100349, -0.0178739, 0.00917731, 0.348319, -0.0914886, 1, 0.0066293
-0.0027395, 0.0319454, -0.00723267, -0.00121052, 0.000737254, -0.000506155, -0.00872569, 0.0309922, 0.171199, -0.587565, 0.013029, -0.0329622, 0.0066293, 1
DJI_0264.JPG
FC6310_8.8_4864x3648 (RGB)
PerspectiveCamera5
global
F,C0_x,C0_y,R1,R2,R3,T1,T2,X,Y,Z,Alpha,Beta,Gamma
1, 0.0328556, -0.393775, -0.237045, 0.270453, -0.236784, -0.15222, 0.0414033, -0.00264663, 0.00407688, -0.00450046, -0.00916373, -0.00472105, -0.00250542
0.0328556, 1, -0.0565385, -0.0032051, 0.00815648, -0.00733533, -0.0888418, 0.946523, -0.0027767, 0.00305515, -0.00278344, 0.00402739, 0.00935694, 0.0315598
-0.393775, -0.0565385, 1, -0.0691387, 0.0259573, -0.0208535, 0.800684, -0.0793322, 0.00305916, 0.00563058, 0.00287786, 0.0213853, 0.000974545, -0.00707878
-0.237045, -0.0032051, -0.0691387, 1, -0.96124, 0.90279, -0.0607056, -0.00703704, -0.00014979, 0.000889817, -0.000476994, -0.00112587, -0.000821508, -0.00129147
0.270453, 0.00815648, 0.0259573, -0.96124, 1, -0.982192, 0.0224707, 0.0149687, 5.66245e-05, -9.00866e-05, 2.40374e-05, 0.000755196, 0.000280305, 0.000831573
-0.236784, -0.00733533, -0.0208535, 0.90279, -0.982192, 1, -0.0143785, -0.0136347, -0.000108031, 5.8431e-05, -1.46248e-05, -0.000568348, -0.000154607, -0.000577706
-0.15222, -0.0888418, 0.800684, -0.0607056, 0.0224707, -0.0143785, 1, -0.0992074, 0.00235426, 0.00415569, 0.00202922, 0.015746, -0.000690943, -0.00861393
0.0414033, 0.946523, -0.0793322, -0.00703704, 0.0149687, -0.0136347, -0.0992074, 1, -0.00276012, 0.00294924, -0.00283319, 0.00411144, 0.00993424, 0.0305665
-0.00264663, -0.0027767, 0.00305916, -0.00014979, 5.66245e-05, -0.000108031, 0.00235426, -0.00276012, 1, 0.0708508, -0.00150331, 0.00823965, -0.0174186, 0.204736
0.00407688, 0.00305515, 0.00563058, 0.000889817, -9.00866e-05, 5.8431e-05, 0.00415569, 0.00294924, 0.0708508, 1, 0.00067302, 0.0136407, 0.00832815, -0.596741
-0.00450046, -0.00278344, 0.00287786, -0.000476994, 2.40374e-05, -1.46248e-05, 0.00202922, -0.00283319, -0.00150331, 0.00067302, 1, -0.379949, 0.356968, 0.0138601
-0.00916373, 0.00402739, 0.0213853, -0.00112587, 0.000755196, -0.000568348, 0.015746, 0.00411144, 0.00823965, 0.0136407, -0.379949, 1, -0.0792507, -0.0336585
-0.00472105, 0.00935694, 0.000974545, -0.000821508, 0.000280305, -0.000154607, -0.000690943, 0.00993424, -0.0174186, 0.00832815, 0.356968, -0.0792507, 1, 0.0062749
-0.00250542, 0.0315598, -0.00707878, -0.00129147, 0.000831573, -0.000577706, -0.00861393, 0.0305665, 0.204736, -0.596741, 0.0138601, -0.0336585, 0.0062749, 1
